     20 9.50392  19.449 5.75557 9.49592 19.4873
9.50392 5.75557 9.49592 3.86087 5.79969 9.77053
 19.449 9.49592 19.4873 5.79969 9.77053 20.0938
5.75557 3.86087 5.79969 2.71827  3.9031 6.01345
9.49592 5.79969 9.77053  3.9031 6.01345 10.3355
19.4873 9.77053 20.0938 6.01345 10.3355 21.2881