      20  9.50392   19.449  5.75557  9.49592  19.4873  3.86087  6.01345  20.0938  2.71827  4.31552  21.2881
 9.50392  5.75557  9.49592  3.86087  5.79969  9.77053  2.71827  4.05306  10.3355  1.96757  3.03236  11.2176
  19.449  9.49592  19.4873  5.79969  9.77053  20.0938   3.9031  6.40371  21.2881  2.75165  4.70221  23.1292
 5.75557  3.86087  5.79969  2.71827   3.9031  6.01345  1.96757  2.85526  6.40371  1.45208   2.1848  6.98862
 9.49592  5.79969  9.77053   3.9031  6.01345  10.3355  2.75165  4.31552  11.2176  1.99261  3.29054  12.4638
 19.4873  9.77053  20.0938  6.01345  10.3355  21.2881  4.05306  6.98862  23.1292  2.85526  5.23226  25.7184
 3.86087  2.71827   3.9031  1.96757  2.75165  4.05306  1.45208  2.06427  4.31552  1.08843   1.6028  4.70221
 6.01345  4.05306  6.40371  2.85526  4.31552  6.98862  2.06427  3.29054  7.79839  1.52008  2.59535  8.87687
 20.0938  10.3355  21.2881  6.40371  11.2176  23.1292  4.31552  7.79839  25.7184  3.03236   5.9332  29.2056
 2.71827  1.96757  2.75165  1.45208  1.99261  2.85526  1.08843  1.52008  3.03236 0.826814  1.19315  3.29054
 4.31552  3.03236  4.70221   2.1848  3.29054  5.23226   1.6028  2.59535   5.9332  1.19315  2.09195  6.84263
 21.2881  11.2176  23.1292  6.98862  12.4638  25.7184  4.70221  8.87687  29.2056  3.29054  6.84263  33.7989